/*--------------------------------*- C++ -*----------------------------------*\
  =========                 |
  \\      /  F ield         | OpenFOAM: The Open Source CFD Toolbox
   \\    /   O peration     | Website:  https://openfoam.org
    \\  /    A nd           | Version:  10
     \\/     M anipulation  |
\*---------------------------------------------------------------------------*/
FoamFile
{
    format      ascii;
    class       volScalarField;
    location    "0.001";
    object      p;
}
// * * * * * * * * * * * * * * * * * * * * * * * * * * * * * * * * * * * * * //

dimensions      [1 -1 -2 0 0 0 0];

internalField   nonuniform List<scalar> 
1500
(
299.373
299.373
299.373
299.386
299.386
299.386
299.389
299.389
299.389
299.389
299.389
299.389
299.387
299.387
299.387
299.386
299.386
299.386
299.386
299.386
299.386
299.385
299.385
299.385
299.385
299.385
299.385
299.385
299.385
299.385
299.385
299.385
299.385
299.385
299.385
299.385
299.385
299.385
299.385
299.385
299.385
299.385
299.385
299.385
299.385
299.385
299.385
299.385
299.385
299.385
299.385
299.385
299.385
299.385
299.385
299.385
299.385
299.385
299.385
299.385
299.385
299.385
299.385
299.385
299.385
299.385
299.385
299.385
299.385
299.385
299.385
299.385
299.385
299.385
299.385
299.385
299.385
299.385
299.385
299.385
299.385
299.385
299.385
299.385
299.385
299.385
299.385
299.385
299.385
299.385
299.385
299.385
299.385
299.385
299.385
299.385
299.385
299.385
299.385
299.385
299.385
299.385
299.385
299.385
299.385
299.385
299.385
299.385
299.385
299.385
299.385
299.385
299.385
299.385
299.385
299.385
299.385
299.385
299.385
299.385
299.385
299.385
299.385
299.385
299.385
299.385
299.385
299.385
299.385
299.385
299.385
299.385
299.385
299.385
299.385
299.385
299.385
299.385
299.385
299.385
299.385
299.385
299.385
299.385
299.385
299.385
299.385
299.385
299.385
299.385
299.385
299.385
299.385
299.385
299.385
299.385
299.385
299.385
299.385
299.385
299.385
299.385
299.385
299.385
299.385
299.385
299.385
299.385
299.385
299.385
299.385
299.385
299.385
299.385
299.385
299.385
299.385
299.385
299.385
299.385
299.385
299.385
299.385
299.385
299.385
299.385
299.385
299.385
299.385
299.385
299.385
299.385
299.385
299.385
299.385
299.385
299.385
299.385
299.385
299.385
299.385
299.385
299.385
299.385
299.385
299.385
299.385
299.385
299.385
299.385
299.385
299.385
299.385
299.385
299.385
299.385
299.385
299.385
299.385
299.385
299.385
299.385
299.385
299.385
299.385
299.385
299.385
299.385
299.385
299.385
299.385
299.385
299.385
299.385
299.385
299.385
299.385
299.385
299.385
299.385
299.385
299.385
299.385
299.385
299.385
299.385
299.385
299.385
299.385
299.385
299.385
299.385
299.385
299.385
299.385
299.385
299.385
299.385
299.385
299.385
299.385
299.385
299.385
299.385
299.385
299.385
299.385
299.385
299.385
299.385
299.385
299.385
299.385
299.385
299.385
299.385
299.385
299.385
299.385
299.385
299.385
299.385
299.385
299.385
299.385
299.385
299.385
299.385
299.385
299.385
299.385
299.385
299.385
299.385
299.385
299.385
299.385
299.385
299.385
299.385
299.385
299.385
299.385
299.385
299.385
299.385
299.385
299.385
299.385
299.385
299.385
299.385
299.385
299.385
299.385
299.385
299.385
299.385
299.385
299.385
299.385
299.385
299.385
299.385
299.385
299.385
299.385
299.385
299.385
299.385
299.385
299.385
299.385
299.385
299.385
299.385
299.385
299.385
299.385
299.385
299.385
299.385
299.385
299.385
299.385
299.385
299.385
299.385
299.385
299.385
299.385
299.385
299.385
299.385
299.385
299.385
299.385
299.385
299.385
299.385
299.385
299.385
299.385
299.385
299.385
299.385
299.385
299.385
299.385
299.385
299.385
299.385
299.385
299.385
299.385
299.385
299.385
299.385
299.385
299.385
299.385
299.385
299.385
299.385
299.385
299.385
299.385
299.385
299.385
299.385
299.385
299.385
299.385
299.385
299.385
299.385
299.385
299.385
299.385
299.385
299.385
299.385
299.385
299.385
299.385
299.385
299.385
299.385
299.385
299.385
299.385
299.385
299.385
299.385
299.385
299.385
299.385
299.385
299.385
299.385
299.385
299.385
299.385
299.385
299.385
299.385
299.385
299.385
299.385
299.385
299.385
299.385
299.385
299.385
299.385
299.385
299.385
299.385
299.385
299.385
299.385
299.385
299.385
299.385
299.385
299.385
299.385
299.385
299.385
299.385
299.385
299.385
299.385
299.385
299.385
299.385
299.385
299.385
299.385
299.385
299.385
299.385
299.385
299.385
299.385
299.385
299.385
299.385
299.385
299.385
299.385
299.385
299.385
299.385
299.385
299.385
299.385
299.385
299.385
299.385
299.385
299.385
299.385
299.385
299.385
299.385
299.385
299.385
299.385
299.385
299.385
299.385
299.385
299.385
299.385
299.385
299.385
299.385
299.385
299.385
299.385
299.385
299.385
299.385
299.385
299.385
299.385
299.385
299.385
299.385
299.385
299.385
299.385
299.385
299.385
299.385
299.385
299.385
299.385
299.385
299.385
299.385
299.385
299.385
299.385
299.385
299.385
299.385
299.385
299.385
299.385
299.385
299.385
299.385
299.385
299.385
299.385
299.385
299.385
299.385
299.385
299.385
299.385
299.385
299.385
299.385
299.385
299.385
299.385
299.385
299.385
299.385
299.385
299.385
299.385
299.385
299.385
299.385
299.385
299.385
299.385
299.385
299.385
299.385
299.385
299.385
299.385
299.385
299.385
299.385
299.385
299.385
299.385
299.385
299.385
299.385
299.385
299.385
299.385
299.385
299.385
299.385
299.385
299.385
299.385
299.385
299.385
299.385
299.385
299.385
299.385
299.385
299.385
299.385
299.385
299.385
299.385
299.385
299.385
299.385
299.385
299.385
299.385
299.385
299.385
299.385
299.385
299.385
299.385
299.385
299.385
299.385
299.385
299.385
299.385
299.385
299.385
299.385
299.385
299.385
299.385
299.385
299.385
299.385
299.385
299.385
299.385
299.385
299.385
299.385
299.385
299.385
299.385
299.385
299.385
299.385
299.385
299.385
299.385
299.385
299.385
299.385
299.385
299.385
299.385
299.385
299.385
299.385
299.385
299.385
299.385
299.385
299.385
299.385
299.385
299.385
299.385
299.385
299.385
299.385
299.385
299.385
299.385
299.385
299.385
299.385
299.385
299.385
299.385
299.385
299.385
299.385
299.385
299.385
299.385
299.385
299.385
299.385
299.385
299.385
299.385
299.385
299.385
299.385
299.385
299.385
299.385
299.385
299.385
299.385
299.385
299.385
299.385
299.385
299.385
299.385
299.385
299.385
299.385
299.385
299.385
299.385
299.385
299.385
299.385
299.385
299.385
299.385
299.385
299.385
299.385
299.385
299.385
299.385
299.385
299.385
299.385
299.385
299.385
299.385
299.385
299.385
299.385
299.385
299.385
299.385
299.385
299.385
299.385
299.385
299.385
299.385
299.385
299.385
299.385
299.384
299.384
299.384
299.385
299.385
299.385
299.385
299.385
299.385
299.386
299.386
299.386
299.387
299.387
299.387
299.387
299.387
299.387
299.386
299.386
299.386
299.385
299.385
299.385
299.385
299.385
299.385
299.385
299.385
299.385
299.385
299.385
299.385
299.385
299.385
299.385
299.385
299.385
299.385
299.385
299.385
299.385
299.385
299.385
299.385
299.385
299.385
299.385
299.385
299.385
299.385
299.385
299.385
299.385
299.385
299.385
299.385
299.385
299.385
299.385
299.385
299.385
299.385
299.385
299.385
299.385
299.385
299.385
299.385
299.385
299.385
299.385
299.385
299.385
299.385
299.385
299.385
299.385
299.385
299.385
299.385
299.385
299.385
299.385
299.385
299.385
299.385
299.385
299.385
299.385
299.385
299.385
299.385
299.385
299.385
299.385
299.385
299.385
299.385
299.385
299.385
299.385
299.385
299.385
299.385
299.385
299.385
299.385
299.385
299.385
299.385
299.385
299.385
299.385
299.385
299.385
299.385
299.385
299.385
299.385
299.385
299.385
299.385
299.385
299.385
299.385
299.385
299.385
299.385
299.385
299.385
299.385
299.385
299.385
299.385
299.385
299.385
299.385
299.385
299.385
299.385
299.385
299.385
299.385
299.385
299.385
299.385
299.385
299.385
299.385
299.385
299.385
299.385
299.385
299.385
299.385
299.385
299.385
299.385
299.385
299.385
299.385
299.385
299.385
299.385
299.385
299.385
299.385
299.385
299.385
299.385
299.385
299.385
299.385
299.385
299.385
299.385
299.385
299.385
299.385
299.385
299.385
299.385
299.385
299.385
299.385
299.385
299.385
299.385
299.385
299.385
299.385
299.385
299.385
299.385
299.385
299.385
299.385
299.385
299.385
299.385
299.385
299.385
299.385
299.385
299.385
299.385
299.385
299.385
299.385
299.385
299.385
299.385
299.385
299.385
299.385
299.385
299.385
299.385
299.385
299.385
299.385
299.385
299.385
299.385
299.385
299.385
299.385
299.385
299.385
299.385
299.385
299.385
299.385
299.385
299.385
299.385
299.385
299.385
299.385
299.385
299.385
299.385
299.385
299.385
299.385
299.385
299.385
299.385
299.385
299.385
299.385
299.385
299.385
299.385
299.385
299.385
299.385
299.385
299.385
299.385
299.385
299.385
299.385
299.385
299.385
299.385
299.385
299.385
299.385
299.385
299.385
299.385
299.385
299.385
299.385
299.385
299.385
299.385
299.385
299.385
299.385
299.385
299.385
299.385
299.385
299.385
299.385
299.385
299.385
299.385
299.385
299.385
299.385
299.385
299.385
299.385
299.385
299.385
299.385
299.385
299.385
299.385
299.385
299.385
299.385
299.385
299.385
299.385
299.385
299.385
299.385
299.385
299.385
299.385
299.385
299.385
299.385
299.385
299.385
299.385
299.385
299.385
299.385
299.385
299.385
299.385
299.385
299.385
299.385
299.385
299.385
299.385
299.385
299.385
299.385
299.385
299.385
299.385
299.385
299.385
299.385
299.385
299.385
299.385
299.385
299.385
299.385
299.385
299.385
299.385
299.385
299.385
299.385
299.385
299.385
299.385
299.385
299.385
299.385
299.385
299.385
299.385
299.385
299.385
299.385
299.385
299.385
299.385
299.385
299.385
299.385
299.385
299.385
299.385
299.385
299.385
299.385
299.385
299.385
299.385
299.385
299.385
299.385
299.385
299.385
299.385
299.385
299.385
299.385
299.385
299.385
299.385
299.385
299.385
299.385
299.385
299.385
299.385
299.385
299.385
299.385
299.385
299.385
299.385
299.385
299.385
299.385
299.385
299.385
299.385
299.385
299.385
299.385
299.385
299.385
299.385
299.385
299.385
299.385
299.385
299.385
299.385
299.385
299.385
299.385
299.385
299.385
299.385
299.385
299.385
299.385
299.385
299.385
299.385
299.385
299.385
299.385
299.385
299.385
299.385
299.385
299.385
299.385
299.385
299.385
299.385
299.385
299.385
299.385
299.385
299.385
299.385
299.385
299.385
299.385
299.385
299.385
299.385
299.385
299.385
299.385
299.385
299.385
299.385
299.385
299.385
299.385
299.385
299.385
299.385
299.385
299.385
299.385
299.385
299.385
299.385
299.385
299.385
299.385
299.385
299.385
299.385
299.385
299.385
299.385
299.385
299.385
299.385
299.385
299.385
299.385
299.385
299.385
299.385
299.385
299.385
299.385
299.385
299.385
299.385
299.385
299.385
299.385
299.385
299.385
299.385
299.385
299.385
299.385
299.385
299.385
299.385
299.385
299.385
299.385
299.385
299.385
299.385
299.385
299.385
299.385
299.385
299.385
299.385
299.385
299.385
299.385
299.385
299.385
299.385
299.385
299.385
299.385
299.385
299.385
299.385
299.385
299.385
299.385
299.385
299.385
299.385
299.385
299.385
299.385
299.385
299.385
299.385
299.385
299.385
299.385
299.385
299.385
299.385
299.385
299.385
299.385
299.385
299.385
299.385
299.385
299.385
299.385
299.385
299.385
299.385
299.385
299.385
299.385
299.385
299.385
299.385
299.385
299.385
299.385
299.385
299.385
299.385
299.385
299.385
299.385
299.385
299.385
299.385
299.385
299.385
299.385
299.385
299.385
299.385
299.385
299.385
299.385
299.385
299.385
299.385
299.385
299.385
299.385
299.385
299.385
299.385
299.385
299.385
299.385
299.385
299.385
299.385
299.385
299.385
299.385
299.385
299.385
299.385
299.385
299.385
299.385
299.385
299.385
299.385
299.385
299.385
299.385
299.385
299.385
299.385
299.385
299.385
299.385
299.385
299.385
299.385
299.385
299.385
299.385
299.385
299.385
299.385
299.385
299.385
299.385
299.385
299.385
299.385
299.385
299.385
299.385
299.385
299.385
299.385
299.385
299.385
299.385
299.385
299.385
299.385
299.385
299.385
299.385
299.385
299.385
299.385
299.385
299.385
299.385
299.385
299.385
299.385
299.385
299.385
299.385
299.385
299.385
299.385
299.385
299.385
299.385
299.385
299.385
299.385
299.385
299.385
299.385
299.385
299.385
299.385
299.385
299.385
299.385
299.385
299.385
299.385
299.385
299.385
299.385
299.385
299.385
299.385
299.385
299.385
299.385
299.385
299.385
299.385
299.385
299.385
299.385
299.385
299.385
299.385
299.385
299.385
299.385
299.385
299.385
299.385
299.385
299.385
299.385
299.385
299.385
299.385
299.385
299.385
299.385
299.385
299.385
299.385
299.385
299.385
299.385
299.385
299.385
299.385
299.385
299.385
299.385
299.385
299.385
299.385
299.385
299.385
299.385
299.386
299.386
299.386
299.386
299.386
299.386
299.388
299.388
299.388
299.389
299.389
299.389
299.39
299.39
299.39
299.386
299.386
299.386
299.373
299.373
299.373
)
;

boundaryField
{
    up
    {
        type            zeroGradient;
    }
    down
    {
        type            zeroGradient;
    }
    left
    {
        type            cyclic;
    }
    right
    {
        type            cyclic;
    }
    defaultFaces
    {
        type            empty;
    }
}


// ************************************************************************* //
