/*--------------------------------*- C++ -*----------------------------------*\
  =========                 |
  \\      /  F ield         | OpenFOAM: The Open Source CFD Toolbox
   \\    /   O peration     | Website:  https://openfoam.org
    \\  /    A nd           | Version:  10
     \\/     M anipulation  |
\*---------------------------------------------------------------------------*/
FoamFile
{
    format      ascii;
    class       volScalarField;
    location    "0.001";
    object      rho;
}
// * * * * * * * * * * * * * * * * * * * * * * * * * * * * * * * * * * * * * //

dimensions      [1 -3 0 0 0 0 0];

internalField   nonuniform List<scalar> 
1500
(
0.00497857
0.00497857
0.00497857
0.00496798
0.00496798
0.00496798
0.00495734
0.00495734
0.00495734
0.00494675
0.00494675
0.00494675
0.00493625
0.00493625
0.00493625
0.00492586
0.00492586
0.00492586
0.0049156
0.0049156
0.0049156
0.00490544
0.00490544
0.00490544
0.0048954
0.0048954
0.0048954
0.00488545
0.00488545
0.00488545
0.00487561
0.00487561
0.00487561
0.00486588
0.00486588
0.00486588
0.00485624
0.00485624
0.00485624
0.0048467
0.0048467
0.0048467
0.00483725
0.00483725
0.00483725
0.0048279
0.0048279
0.0048279
0.00481865
0.00481865
0.00481865
0.00480949
0.00480949
0.00480949
0.00480042
0.00480042
0.00480042
0.00479144
0.00479144
0.00479144
0.00478255
0.00478255
0.00478255
0.00477375
0.00477375
0.00477375
0.00476503
0.00476503
0.00476503
0.00475641
0.00475641
0.00475641
0.00474786
0.00474786
0.00474786
0.00473941
0.00473941
0.00473941
0.00473103
0.00473103
0.00473103
0.00472274
0.00472274
0.00472274
0.00471453
0.00471453
0.00471453
0.0047064
0.0047064
0.0047064
0.00469834
0.00469834
0.00469834
0.00469037
0.00469037
0.00469037
0.00468247
0.00468247
0.00468247
0.00467465
0.00467465
0.00467465
0.00466691
0.00466691
0.00466691
0.00465924
0.00465924
0.00465924
0.00465164
0.00465164
0.00465164
0.00464412
0.00464412
0.00464412
0.00463667
0.00463667
0.00463667
0.00462929
0.00462929
0.00462929
0.00462198
0.00462198
0.00462198
0.00461474
0.00461474
0.00461474
0.00460757
0.00460757
0.00460757
0.00460047
0.00460047
0.00460047
0.00459343
0.00459343
0.00459343
0.00458646
0.00458646
0.00458646
0.00457956
0.00457956
0.00457956
0.00457272
0.00457272
0.00457272
0.00456595
0.00456595
0.00456595
0.00455924
0.00455924
0.00455924
0.0045526
0.0045526
0.0045526
0.00454601
0.00454601
0.00454601
0.00453949
0.00453949
0.00453949
0.00453303
0.00453303
0.00453303
0.00452663
0.00452663
0.00452663
0.00452029
0.00452029
0.00452029
0.00451401
0.00451401
0.00451401
0.00450779
0.00450779
0.00450779
0.00450163
0.00450163
0.00450163
0.00449553
0.00449553
0.00449553
0.00448948
0.00448948
0.00448948
0.00448349
0.00448349
0.00448349
0.00447755
0.00447755
0.00447755
0.00447167
0.00447167
0.00447167
0.00446584
0.00446584
0.00446584
0.00446007
0.00446007
0.00446007
0.00445436
0.00445436
0.00445436
0.00444869
0.00444869
0.00444869
0.00444308
0.00444308
0.00444308
0.00443752
0.00443752
0.00443752
0.00443201
0.00443201
0.00443201
0.00442656
0.00442656
0.00442656
0.00442115
0.00442115
0.00442115
0.0044158
0.0044158
0.0044158
0.00441049
0.00441049
0.00441049
0.00440524
0.00440524
0.00440524
0.00440003
0.00440003
0.00440003
0.00439487
0.00439487
0.00439487
0.00438977
0.00438977
0.00438977
0.0043847
0.0043847
0.0043847
0.00437969
0.00437969
0.00437969
0.00437472
0.00437472
0.00437472
0.0043698
0.0043698
0.0043698
0.00436492
0.00436492
0.00436492
0.0043601
0.0043601
0.0043601
0.00435531
0.00435531
0.00435531
0.00435057
0.00435057
0.00435057
0.00434588
0.00434588
0.00434588
0.00434123
0.00434123
0.00434123
0.00433662
0.00433662
0.00433662
0.00433206
0.00433206
0.00433206
0.00432754
0.00432754
0.00432754
0.00432306
0.00432306
0.00432306
0.00431862
0.00431862
0.00431862
0.00431423
0.00431423
0.00431423
0.00430988
0.00430988
0.00430988
0.00430557
0.00430557
0.00430557
0.0043013
0.0043013
0.0043013
0.00429707
0.00429707
0.00429707
0.00429288
0.00429288
0.00429288
0.00428874
0.00428874
0.00428874
0.00428463
0.00428463
0.00428463
0.00428056
0.00428056
0.00428056
0.00427653
0.00427653
0.00427653
0.00427254
0.00427254
0.00427254
0.00426859
0.00426859
0.00426859
0.00426468
0.00426468
0.00426468
0.0042608
0.0042608
0.0042608
0.00425696
0.00425696
0.00425696
0.00425316
0.00425316
0.00425316
0.0042494
0.0042494
0.0042494
0.00424567
0.00424567
0.00424567
0.00424198
0.00424198
0.00424198
0.00423833
0.00423833
0.00423833
0.00423472
0.00423472
0.00423472
0.00423114
0.00423114
0.00423114
0.00422759
0.00422759
0.00422759
0.00422408
0.00422408
0.00422408
0.00422061
0.00422061
0.00422061
0.00421717
0.00421717
0.00421717
0.00421376
0.00421376
0.00421376
0.00421039
0.00421039
0.00421039
0.00420706
0.00420706
0.00420706
0.00420376
0.00420376
0.00420376
0.00420049
0.00420049
0.00420049
0.00419726
0.00419726
0.00419726
0.00419405
0.00419405
0.00419405
0.00419089
0.00419089
0.00419089
0.00418775
0.00418775
0.00418775
0.00418465
0.00418465
0.00418465
0.00418158
0.00418158
0.00418158
0.00417855
0.00417855
0.00417855
0.00417554
0.00417554
0.00417554
0.00417257
0.00417257
0.00417257
0.00416963
0.00416963
0.00416963
0.00416672
0.00416672
0.00416672
0.00416384
0.00416384
0.00416384
0.004161
0.004161
0.004161
0.00415818
0.00415818
0.00415818
0.0041554
0.0041554
0.0041554
0.00415264
0.00415264
0.00415264
0.00414992
0.00414992
0.00414992
0.00414723
0.00414723
0.00414723
0.00414456
0.00414456
0.00414456
0.00414193
0.00414193
0.00414193
0.00413933
0.00413933
0.00413933
0.00413676
0.00413676
0.00413676
0.00413421
0.00413421
0.00413421
0.0041317
0.0041317
0.0041317
0.00412922
0.00412922
0.00412922
0.00412676
0.00412676
0.00412676
0.00412433
0.00412433
0.00412433
0.00412194
0.00412194
0.00412194
0.00411957
0.00411957
0.00411957
0.00411723
0.00411723
0.00411723
0.00411492
0.00411492
0.00411492
0.00411263
0.00411263
0.00411263
0.00411038
0.00411038
0.00411038
0.00410815
0.00410815
0.00410815
0.00410595
0.00410595
0.00410595
0.00410378
0.00410378
0.00410378
0.00410163
0.00410163
0.00410163
0.00409952
0.00409952
0.00409952
0.00409743
0.00409743
0.00409743
0.00409536
0.00409536
0.00409536
0.00409333
0.00409333
0.00409333
0.00409132
0.00409132
0.00409132
0.00408934
0.00408934
0.00408934
0.00408739
0.00408739
0.00408739
0.00408546
0.00408546
0.00408546
0.00408356
0.00408356
0.00408356
0.00408168
0.00408168
0.00408168
0.00407983
0.00407983
0.00407983
0.00407801
0.00407801
0.00407801
0.00407621
0.00407621
0.00407621
0.00407444
0.00407444
0.00407444
0.0040727
0.0040727
0.0040727
0.00407098
0.00407098
0.00407098
0.00406929
0.00406929
0.00406929
0.00406762
0.00406762
0.00406762
0.00406598
0.00406598
0.00406598
0.00406436
0.00406436
0.00406436
0.00406277
0.00406277
0.00406277
0.00406121
0.00406121
0.00406121
0.00405967
0.00405967
0.00405967
0.00405815
0.00405815
0.00405815
0.00405666
0.00405666
0.00405666
0.0040552
0.0040552
0.0040552
0.00405376
0.00405376
0.00405376
0.00405234
0.00405234
0.00405234
0.00405095
0.00405095
0.00405095
0.00404958
0.00404958
0.00404958
0.00404824
0.00404824
0.00404824
0.00404693
0.00404693
0.00404693
0.00404563
0.00404563
0.00404563
0.00404436
0.00404436
0.00404436
0.00404312
0.00404312
0.00404312
0.0040419
0.0040419
0.0040419
0.0040407
0.0040407
0.0040407
0.00403953
0.00403953
0.00403953
0.00403838
0.00403838
0.00403838
0.00403726
0.00403726
0.00403726
0.00403616
0.00403616
0.00403616
0.00403508
0.00403508
0.00403508
0.00403403
0.00403403
0.00403403
0.004033
0.004033
0.004033
0.004032
0.004032
0.004032
0.00403101
0.00403101
0.00403101
0.00403006
0.00403006
0.00403006
0.00402912
0.00402912
0.00402912
0.00402821
0.00402821
0.00402821
0.00402732
0.00402732
0.00402732
0.00402646
0.00402646
0.00402646
0.00402562
0.00402562
0.00402562
0.0040248
0.0040248
0.0040248
0.004024
0.004024
0.004024
0.00402323
0.00402323
0.00402323
0.00402248
0.00402248
0.00402248
0.00402176
0.00402176
0.00402176
0.00402106
0.00402106
0.00402106
0.00402038
0.00402038
0.00402038
0.00401972
0.00401972
0.00401972
0.00401909
0.00401909
0.00401909
0.00401848
0.00401848
0.00401848
0.00401789
0.00401789
0.00401789
0.00401732
0.00401732
0.00401732
0.00401678
0.00401678
0.00401678
0.00401626
0.00401626
0.00401626
0.00401577
0.00401577
0.00401577
0.00401529
0.00401529
0.00401529
0.00401484
0.00401484
0.00401484
0.00401441
0.00401441
0.00401441
0.00401401
0.00401401
0.00401401
0.00401363
0.00401363
0.00401363
0.00401327
0.00401327
0.00401327
0.00401293
0.00401293
0.00401293
0.00401261
0.00401261
0.00401261
0.00401232
0.00401232
0.00401232
0.00401205
0.00401205
0.00401205
0.0040118
0.0040118
0.0040118
0.00401158
0.00401158
0.00401158
0.00401138
0.00401138
0.00401138
0.0040112
0.0040112
0.0040112
0.00401104
0.00401104
0.00401104
0.0040109
0.0040109
0.0040109
0.00401078
0.00401078
0.00401078
0.00401069
0.00401069
0.00401069
0.00401063
0.00401063
0.00401063
0.0040106
0.0040106
0.0040106
0.00401059
0.00401059
0.00401059
0.00401059
0.00401059
0.00401059
0.0040106
0.0040106
0.0040106
0.00401064
0.00401064
0.00401064
0.0040107
0.0040107
0.0040107
0.00401078
0.00401078
0.00401078
0.0040109
0.0040109
0.0040109
0.00401104
0.00401104
0.00401104
0.00401119
0.00401119
0.00401119
0.00401138
0.00401138
0.00401138
0.00401158
0.00401158
0.00401158
0.0040118
0.0040118
0.0040118
0.00401205
0.00401205
0.00401205
0.00401232
0.00401232
0.00401232
0.00401261
0.00401261
0.00401261
0.00401293
0.00401293
0.00401293
0.00401327
0.00401327
0.00401327
0.00401363
0.00401363
0.00401363
0.00401401
0.00401401
0.00401401
0.00401441
0.00401441
0.00401441
0.00401484
0.00401484
0.00401484
0.00401529
0.00401529
0.00401529
0.00401577
0.00401577
0.00401577
0.00401626
0.00401626
0.00401626
0.00401678
0.00401678
0.00401678
0.00401732
0.00401732
0.00401732
0.00401789
0.00401789
0.00401789
0.00401848
0.00401848
0.00401848
0.00401909
0.00401909
0.00401909
0.00401972
0.00401972
0.00401972
0.00402038
0.00402038
0.00402038
0.00402106
0.00402106
0.00402106
0.00402176
0.00402176
0.00402176
0.00402248
0.00402248
0.00402248
0.00402323
0.00402323
0.00402323
0.004024
0.004024
0.004024
0.0040248
0.0040248
0.0040248
0.00402562
0.00402562
0.00402562
0.00402646
0.00402646
0.00402646
0.00402732
0.00402732
0.00402732
0.00402821
0.00402821
0.00402821
0.00402912
0.00402912
0.00402912
0.00403006
0.00403006
0.00403006
0.00403101
0.00403101
0.00403101
0.004032
0.004032
0.004032
0.004033
0.004033
0.004033
0.00403403
0.00403403
0.00403403
0.00403508
0.00403508
0.00403508
0.00403616
0.00403616
0.00403616
0.00403726
0.00403726
0.00403726
0.00403838
0.00403838
0.00403838
0.00403953
0.00403953
0.00403953
0.0040407
0.0040407
0.0040407
0.0040419
0.0040419
0.0040419
0.00404312
0.00404312
0.00404312
0.00404436
0.00404436
0.00404436
0.00404563
0.00404563
0.00404563
0.00404692
0.00404692
0.00404692
0.00404824
0.00404824
0.00404824
0.00404958
0.00404958
0.00404958
0.00405095
0.00405095
0.00405095
0.00405234
0.00405234
0.00405234
0.00405376
0.00405376
0.00405376
0.0040552
0.0040552
0.0040552
0.00405666
0.00405666
0.00405666
0.00405815
0.00405815
0.00405815
0.00405967
0.00405967
0.00405967
0.00406121
0.00406121
0.00406121
0.00406277
0.00406277
0.00406277
0.00406436
0.00406436
0.00406436
0.00406598
0.00406598
0.00406598
0.00406762
0.00406762
0.00406762
0.00406929
0.00406929
0.00406929
0.00407098
0.00407098
0.00407098
0.0040727
0.0040727
0.0040727
0.00407444
0.00407444
0.00407444
0.00407621
0.00407621
0.00407621
0.00407801
0.00407801
0.00407801
0.00407983
0.00407983
0.00407983
0.00408168
0.00408168
0.00408168
0.00408356
0.00408356
0.00408356
0.00408546
0.00408546
0.00408546
0.00408739
0.00408739
0.00408739
0.00408934
0.00408934
0.00408934
0.00409132
0.00409132
0.00409132
0.00409333
0.00409333
0.00409333
0.00409536
0.00409536
0.00409536
0.00409743
0.00409743
0.00409743
0.00409952
0.00409952
0.00409952
0.00410163
0.00410163
0.00410163
0.00410378
0.00410378
0.00410378
0.00410595
0.00410595
0.00410595
0.00410815
0.00410815
0.00410815
0.00411038
0.00411038
0.00411038
0.00411263
0.00411263
0.00411263
0.00411492
0.00411492
0.00411492
0.00411723
0.00411723
0.00411723
0.00411957
0.00411957
0.00411957
0.00412194
0.00412194
0.00412194
0.00412433
0.00412433
0.00412433
0.00412676
0.00412676
0.00412676
0.00412922
0.00412922
0.00412922
0.0041317
0.0041317
0.0041317
0.00413421
0.00413421
0.00413421
0.00413676
0.00413676
0.00413676
0.00413933
0.00413933
0.00413933
0.00414193
0.00414193
0.00414193
0.00414456
0.00414456
0.00414456
0.00414723
0.00414723
0.00414723
0.00414992
0.00414992
0.00414992
0.00415264
0.00415264
0.00415264
0.0041554
0.0041554
0.0041554
0.00415818
0.00415818
0.00415818
0.00416099
0.00416099
0.00416099
0.00416384
0.00416384
0.00416384
0.00416672
0.00416672
0.00416672
0.00416963
0.00416963
0.00416963
0.00417257
0.00417257
0.00417257
0.00417554
0.00417554
0.00417554
0.00417854
0.00417854
0.00417854
0.00418158
0.00418158
0.00418158
0.00418465
0.00418465
0.00418465
0.00418775
0.00418775
0.00418775
0.00419089
0.00419089
0.00419089
0.00419405
0.00419405
0.00419405
0.00419725
0.00419725
0.00419725
0.00420049
0.00420049
0.00420049
0.00420376
0.00420376
0.00420376
0.00420706
0.00420706
0.00420706
0.00421039
0.00421039
0.00421039
0.00421376
0.00421376
0.00421376
0.00421717
0.00421717
0.00421717
0.00422061
0.00422061
0.00422061
0.00422408
0.00422408
0.00422408
0.00422759
0.00422759
0.00422759
0.00423113
0.00423113
0.00423113
0.00423472
0.00423472
0.00423472
0.00423833
0.00423833
0.00423833
0.00424198
0.00424198
0.00424198
0.00424567
0.00424567
0.00424567
0.0042494
0.0042494
0.0042494
0.00425316
0.00425316
0.00425316
0.00425696
0.00425696
0.00425696
0.0042608
0.0042608
0.0042608
0.00426467
0.00426467
0.00426467
0.00426859
0.00426859
0.00426859
0.00427254
0.00427254
0.00427254
0.00427653
0.00427653
0.00427653
0.00428056
0.00428056
0.00428056
0.00428463
0.00428463
0.00428463
0.00428874
0.00428874
0.00428874
0.00429288
0.00429288
0.00429288
0.00429707
0.00429707
0.00429707
0.0043013
0.0043013
0.0043013
0.00430557
0.00430557
0.00430557
0.00430988
0.00430988
0.00430988
0.00431423
0.00431423
0.00431423
0.00431862
0.00431862
0.00431862
0.00432306
0.00432306
0.00432306
0.00432753
0.00432753
0.00432753
0.00433206
0.00433206
0.00433206
0.00433662
0.00433662
0.00433662
0.00434123
0.00434123
0.00434123
0.00434588
0.00434588
0.00434588
0.00435057
0.00435057
0.00435057
0.00435531
0.00435531
0.00435531
0.00436009
0.00436009
0.00436009
0.00436492
0.00436492
0.00436492
0.0043698
0.0043698
0.0043698
0.00437472
0.00437472
0.00437472
0.00437969
0.00437969
0.00437969
0.0043847
0.0043847
0.0043847
0.00438976
0.00438976
0.00438976
0.00439487
0.00439487
0.00439487
0.00440003
0.00440003
0.00440003
0.00440524
0.00440524
0.00440524
0.00441049
0.00441049
0.00441049
0.0044158
0.0044158
0.0044158
0.00442115
0.00442115
0.00442115
0.00442656
0.00442656
0.00442656
0.00443201
0.00443201
0.00443201
0.00443752
0.00443752
0.00443752
0.00444308
0.00444308
0.00444308
0.00444869
0.00444869
0.00444869
0.00445436
0.00445436
0.00445436
0.00446007
0.00446007
0.00446007
0.00446584
0.00446584
0.00446584
0.00447167
0.00447167
0.00447167
0.00447755
0.00447755
0.00447755
0.00448348
0.00448348
0.00448348
0.00448948
0.00448948
0.00448948
0.00449552
0.00449552
0.00449552
0.00450163
0.00450163
0.00450163
0.00450779
0.00450779
0.00450779
0.00451401
0.00451401
0.00451401
0.00452029
0.00452029
0.00452029
0.00452663
0.00452663
0.00452663
0.00453303
0.00453303
0.00453303
0.00453949
0.00453949
0.00453949
0.00454601
0.00454601
0.00454601
0.00455259
0.00455259
0.00455259
0.00455924
0.00455924
0.00455924
0.00456595
0.00456595
0.00456595
0.00457272
0.00457272
0.00457272
0.00457956
0.00457956
0.00457956
0.00458646
0.00458646
0.00458646
0.00459343
0.00459343
0.00459343
0.00460046
0.00460046
0.00460046
0.00460757
0.00460757
0.00460757
0.00461474
0.00461474
0.00461474
0.00462198
0.00462198
0.00462198
0.00462929
0.00462929
0.00462929
0.00463667
0.00463667
0.00463667
0.00464412
0.00464412
0.00464412
0.00465164
0.00465164
0.00465164
0.00465924
0.00465924
0.00465924
0.00466691
0.00466691
0.00466691
0.00467465
0.00467465
0.00467465
0.00468247
0.00468247
0.00468247
0.00469037
0.00469037
0.00469037
0.00469834
0.00469834
0.00469834
0.00470639
0.00470639
0.00470639
0.00471453
0.00471453
0.00471453
0.00472274
0.00472274
0.00472274
0.00473103
0.00473103
0.00473103
0.0047394
0.0047394
0.0047394
0.00474786
0.00474786
0.00474786
0.0047564
0.0047564
0.0047564
0.00476503
0.00476503
0.00476503
0.00477375
0.00477375
0.00477375
0.00478255
0.00478255
0.00478255
0.00479144
0.00479144
0.00479144
0.00480041
0.00480041
0.00480041
0.00480948
0.00480948
0.00480948
0.00481865
0.00481865
0.00481865
0.0048279
0.0048279
0.0048279
0.00483725
0.00483725
0.00483725
0.00484669
0.00484669
0.00484669
0.00485624
0.00485624
0.00485624
0.00486587
0.00486587
0.00486587
0.00487561
0.00487561
0.00487561
0.00488545
0.00488545
0.00488545
0.00489539
0.00489539
0.00489539
0.00490544
0.00490544
0.00490544
0.00491559
0.00491559
0.00491559
0.00492586
0.00492586
0.00492586
0.00493625
0.00493625
0.00493625
0.00494675
0.00494675
0.00494675
0.00495734
0.00495734
0.00495734
0.00496798
0.00496798
0.00496798
0.00497857
0.00497857
0.00497857
)
;

boundaryField
{
    up
    {
        type            calculated;
        value           nonuniform List<scalar> 3(0.00498381 0.00498381 0.00498381);
    }
    down
    {
        type            calculated;
        value           nonuniform List<scalar> 3(0.0049838 0.0049838 0.0049838);
    }
    left
    {
        type            cyclic;
    }
    right
    {
        type            cyclic;
    }
    defaultFaces
    {
        type            empty;
    }
}


// ************************************************************************* //
