/*--------------------------------*- C++ -*----------------------------------*\
  =========                 |
  \\      /  F ield         | OpenFOAM: The Open Source CFD Toolbox
   \\    /   O peration     | Website:  https://openfoam.org
    \\  /    A nd           | Version:  10
     \\/     M anipulation  |
\*---------------------------------------------------------------------------*/
FoamFile
{
    format      ascii;
    class       volScalarField;
    location    "0.001";
    object      T;
}
// * * * * * * * * * * * * * * * * * * * * * * * * * * * * * * * * * * * * * //

dimensions      [0 0 0 1 0 0 0];

internalField   nonuniform List<scalar> 
1500
(
288.914
288.914
288.914
289.542
289.542
289.542
290.167
290.167
290.167
290.788
290.788
290.788
291.405
291.405
291.405
292.018
292.018
292.018
292.628
292.628
292.628
293.233
293.233
293.233
293.835
293.835
293.835
294.433
294.433
294.433
295.027
295.027
295.027
295.617
295.617
295.617
296.204
296.204
296.204
296.787
296.787
296.787
297.367
297.367
297.367
297.943
297.943
297.943
298.515
298.515
298.515
299.084
299.084
299.084
299.649
299.649
299.649
300.21
300.21
300.21
300.768
300.768
300.768
301.323
301.323
301.323
301.874
301.874
301.874
302.421
302.421
302.421
302.965
302.965
302.965
303.506
303.506
303.506
304.043
304.043
304.043
304.577
304.577
304.577
305.108
305.108
305.108
305.635
305.635
305.635
306.158
306.158
306.158
306.679
306.679
306.679
307.196
307.196
307.196
307.71
307.71
307.71
308.221
308.221
308.221
308.728
308.728
308.728
309.232
309.232
309.232
309.733
309.733
309.733
310.231
310.231
310.231
310.725
310.725
310.725
311.217
311.217
311.217
311.705
311.705
311.705
312.19
312.19
312.19
312.672
312.672
312.672
313.151
313.151
313.151
313.627
313.627
313.627
314.1
314.1
314.1
314.569
314.569
314.569
315.036
315.036
315.036
315.499
315.499
315.499
315.96
315.96
315.96
316.417
316.417
316.417
316.872
316.872
316.872
317.323
317.323
317.323
317.772
317.772
317.772
318.218
318.218
318.218
318.66
318.66
318.66
319.1
319.1
319.1
319.537
319.537
319.537
319.971
319.971
319.971
320.402
320.402
320.402
320.83
320.83
320.83
321.255
321.255
321.255
321.678
321.678
321.678
322.097
322.097
322.097
322.514
322.514
322.514
322.928
322.928
322.928
323.339
323.339
323.339
323.748
323.748
323.748
324.153
324.153
324.153
324.556
324.556
324.556
324.956
324.956
324.956
325.353
325.353
325.353
325.748
325.748
325.748
326.14
326.14
326.14
326.529
326.529
326.529
326.915
326.915
326.915
327.299
327.299
327.299
327.68
327.68
327.68
328.058
328.058
328.058
328.434
328.434
328.434
328.807
328.807
328.807
329.177
329.177
329.177
329.545
329.545
329.545
329.91
329.91
329.91
330.272
330.272
330.272
330.632
330.632
330.632
330.989
330.989
330.989
331.344
331.344
331.344
331.696
331.696
331.696
332.045
332.045
332.045
332.392
332.392
332.392
332.736
332.736
332.736
333.078
333.078
333.078
333.417
333.417
333.417
333.754
333.754
333.754
334.088
334.088
334.088
334.419
334.419
334.419
334.748
334.748
334.748
335.075
335.075
335.075
335.399
335.399
335.399
335.72
335.72
335.72
336.039
336.039
336.039
336.356
336.356
336.356
336.67
336.67
336.67
336.982
336.982
336.982
337.291
337.291
337.291
337.598
337.598
337.598
337.902
337.902
337.902
338.204
338.204
338.204
338.504
338.504
338.504
338.801
338.801
338.801
339.095
339.095
339.095
339.388
339.388
339.388
339.677
339.677
339.677
339.965
339.965
339.965
340.25
340.25
340.25
340.533
340.533
340.533
340.813
340.813
340.813
341.091
341.091
341.091
341.366
341.366
341.366
341.64
341.64
341.64
341.91
341.91
341.91
342.179
342.179
342.179
342.445
342.445
342.445
342.709
342.709
342.709
342.971
342.971
342.971
343.23
343.23
343.23
343.487
343.487
343.487
343.741
343.741
343.741
343.993
343.993
343.993
344.243
344.243
344.243
344.491
344.491
344.491
344.737
344.737
344.737
344.98
344.98
344.98
345.221
345.221
345.221
345.459
345.459
345.459
345.695
345.695
345.695
345.929
345.929
345.929
346.161
346.161
346.161
346.391
346.391
346.391
346.618
346.618
346.618
346.843
346.843
346.843
347.066
347.066
347.066
347.286
347.286
347.286
347.505
347.505
347.505
347.721
347.721
347.721
347.935
347.935
347.935
348.146
348.146
348.146
348.356
348.356
348.356
348.563
348.563
348.563
348.768
348.768
348.768
348.971
348.971
348.971
349.172
349.172
349.172
349.37
349.37
349.37
349.567
349.567
349.567
349.761
349.761
349.761
349.953
349.953
349.953
350.142
350.142
350.142
350.33
350.33
350.33
350.515
350.515
350.515
350.699
350.699
350.699
350.88
350.88
350.88
351.059
351.059
351.059
351.235
351.235
351.235
351.41
351.41
351.41
351.582
351.582
351.582
351.753
351.753
351.753
351.921
351.921
351.921
352.087
352.087
352.087
352.251
352.251
352.251
352.413
352.413
352.413
352.572
352.572
352.572
352.73
352.73
352.73
352.885
352.885
352.885
353.039
353.039
353.039
353.19
353.19
353.19
353.339
353.339
353.339
353.486
353.486
353.486
353.631
353.631
353.631
353.774
353.774
353.774
353.914
353.914
353.914
354.053
354.053
354.053
354.189
354.189
354.189
354.324
354.324
354.324
354.456
354.456
354.456
354.586
354.586
354.586
354.714
354.714
354.714
354.84
354.84
354.84
354.964
354.964
354.964
355.086
355.086
355.086
355.206
355.206
355.206
355.324
355.324
355.324
355.439
355.439
355.439
355.553
355.553
355.553
355.665
355.665
355.665
355.774
355.774
355.774
355.881
355.881
355.881
355.987
355.987
355.987
356.09
356.09
356.09
356.191
356.191
356.191
356.29
356.29
356.29
356.388
356.388
356.388
356.483
356.483
356.483
356.576
356.576
356.576
356.667
356.667
356.667
356.756
356.756
356.756
356.842
356.842
356.842
356.927
356.927
356.927
357.01
357.01
357.01
357.091
357.091
357.091
357.17
357.17
357.17
357.246
357.246
357.246
357.321
357.321
357.321
357.393
357.393
357.393
357.464
357.464
357.464
357.533
357.533
357.533
357.599
357.599
357.599
357.664
357.664
357.664
357.726
357.726
357.726
357.787
357.787
357.787
357.845
357.845
357.845
357.901
357.901
357.901
357.956
357.956
357.956
358.008
358.008
358.008
358.058
358.058
358.058
358.107
358.107
358.107
358.153
358.153
358.153
358.197
358.197
358.197
358.239
358.239
358.239
358.28
358.28
358.28
358.318
358.318
358.318
358.354
358.354
358.354
358.388
358.388
358.388
358.42
358.42
358.42
358.451
358.451
358.451
358.479
358.479
358.479
358.505
358.505
358.505
358.529
358.529
358.529
358.551
358.551
358.551
358.571
358.571
358.571
358.589
358.589
358.589
358.605
358.605
358.605
358.619
358.619
358.619
358.631
358.631
358.631
358.642
358.642
358.642
358.65
358.65
358.65
358.656
358.656
358.656
358.66
358.66
358.66
358.662
358.662
358.662
358.662
358.662
358.662
358.66
358.66
358.66
358.656
358.656
358.656
358.65
358.65
358.65
358.642
358.642
358.642
358.631
358.631
358.631
358.619
358.619
358.619
358.605
358.605
358.605
358.589
358.589
358.589
358.571
358.571
358.571
358.551
358.551
358.551
358.529
358.529
358.529
358.505
358.505
358.505
358.479
358.479
358.479
358.451
358.451
358.451
358.42
358.42
358.42
358.388
358.388
358.388
358.354
358.354
358.354
358.318
358.318
358.318
358.28
358.28
358.28
358.239
358.239
358.239
358.197
358.197
358.197
358.153
358.153
358.153
358.107
358.107
358.107
358.058
358.058
358.058
358.008
358.008
358.008
357.956
357.956
357.956
357.901
357.901
357.901
357.845
357.845
357.845
357.787
357.787
357.787
357.726
357.726
357.726
357.664
357.664
357.664
357.599
357.599
357.599
357.533
357.533
357.533
357.464
357.464
357.464
357.393
357.393
357.393
357.321
357.321
357.321
357.246
357.246
357.246
357.17
357.17
357.17
357.091
357.091
357.091
357.01
357.01
357.01
356.927
356.927
356.927
356.842
356.842
356.842
356.756
356.756
356.756
356.667
356.667
356.667
356.576
356.576
356.576
356.483
356.483
356.483
356.388
356.388
356.388
356.29
356.29
356.29
356.191
356.191
356.191
356.09
356.09
356.09
355.987
355.987
355.987
355.881
355.881
355.881
355.774
355.774
355.774
355.665
355.665
355.665
355.553
355.553
355.553
355.439
355.439
355.439
355.324
355.324
355.324
355.206
355.206
355.206
355.086
355.086
355.086
354.964
354.964
354.964
354.84
354.84
354.84
354.714
354.714
354.714
354.586
354.586
354.586
354.456
354.456
354.456
354.324
354.324
354.324
354.189
354.189
354.189
354.053
354.053
354.053
353.914
353.914
353.914
353.774
353.774
353.774
353.631
353.631
353.631
353.486
353.486
353.486
353.339
353.339
353.339
353.19
353.19
353.19
353.039
353.039
353.039
352.885
352.885
352.885
352.73
352.73
352.73
352.572
352.572
352.572
352.413
352.413
352.413
352.251
352.251
352.251
352.087
352.087
352.087
351.921
351.921
351.921
351.753
351.753
351.753
351.582
351.582
351.582
351.41
351.41
351.41
351.235
351.235
351.235
351.059
351.059
351.059
350.88
350.88
350.88
350.699
350.699
350.699
350.515
350.515
350.515
350.33
350.33
350.33
350.142
350.142
350.142
349.953
349.953
349.953
349.761
349.761
349.761
349.567
349.567
349.567
349.37
349.37
349.37
349.172
349.172
349.172
348.971
348.971
348.971
348.768
348.768
348.768
348.563
348.563
348.563
348.356
348.356
348.356
348.147
348.147
348.147
347.935
347.935
347.935
347.721
347.721
347.721
347.505
347.505
347.505
347.286
347.286
347.286
347.066
347.066
347.066
346.843
346.843
346.843
346.618
346.618
346.618
346.391
346.391
346.391
346.161
346.161
346.161
345.929
345.929
345.929
345.695
345.695
345.695
345.459
345.459
345.459
345.221
345.221
345.221
344.98
344.98
344.98
344.737
344.737
344.737
344.491
344.491
344.491
344.244
344.244
344.244
343.994
343.994
343.994
343.741
343.741
343.741
343.487
343.487
343.487
343.23
343.23
343.23
342.971
342.971
342.971
342.709
342.709
342.709
342.445
342.445
342.445
342.179
342.179
342.179
341.91
341.91
341.91
341.64
341.64
341.64
341.366
341.366
341.366
341.091
341.091
341.091
340.813
340.813
340.813
340.533
340.533
340.533
340.25
340.25
340.25
339.965
339.965
339.965
339.677
339.677
339.677
339.388
339.388
339.388
339.095
339.095
339.095
338.801
338.801
338.801
338.504
338.504
338.504
338.204
338.204
338.204
337.902
337.902
337.902
337.598
337.598
337.598
337.291
337.291
337.291
336.982
336.982
336.982
336.67
336.67
336.67
336.356
336.356
336.356
336.04
336.04
336.04
335.72
335.72
335.72
335.399
335.399
335.399
335.075
335.075
335.075
334.748
334.748
334.748
334.419
334.419
334.419
334.088
334.088
334.088
333.754
333.754
333.754
333.417
333.417
333.417
333.078
333.078
333.078
332.736
332.736
332.736
332.392
332.392
332.392
332.045
332.045
332.045
331.696
331.696
331.696
331.344
331.344
331.344
330.989
330.989
330.989
330.632
330.632
330.632
330.272
330.272
330.272
329.91
329.91
329.91
329.545
329.545
329.545
329.177
329.177
329.177
328.807
328.807
328.807
328.434
328.434
328.434
328.058
328.058
328.058
327.68
327.68
327.68
327.299
327.299
327.299
326.915
326.915
326.915
326.529
326.529
326.529
326.14
326.14
326.14
325.748
325.748
325.748
325.353
325.353
325.353
324.956
324.956
324.956
324.556
324.556
324.556
324.153
324.153
324.153
323.748
323.748
323.748
323.339
323.339
323.339
322.928
322.928
322.928
322.514
322.514
322.514
322.098
322.098
322.098
321.678
321.678
321.678
321.256
321.256
321.256
320.83
320.83
320.83
320.402
320.402
320.402
319.971
319.971
319.971
319.537
319.537
319.537
319.1
319.1
319.1
318.66
318.66
318.66
318.218
318.218
318.218
317.772
317.772
317.772
317.324
317.324
317.324
316.872
316.872
316.872
316.417
316.417
316.417
315.96
315.96
315.96
315.499
315.499
315.499
315.036
315.036
315.036
314.569
314.569
314.569
314.1
314.1
314.1
313.627
313.627
313.627
313.151
313.151
313.151
312.672
312.672
312.672
312.19
312.19
312.19
311.705
311.705
311.705
311.217
311.217
311.217
310.726
310.726
310.726
310.231
310.231
310.231
309.733
309.733
309.733
309.232
309.232
309.232
308.728
308.728
308.728
308.221
308.221
308.221
307.71
307.71
307.71
307.196
307.196
307.196
306.679
306.679
306.679
306.159
306.159
306.159
305.635
305.635
305.635
305.108
305.108
305.108
304.577
304.577
304.577
304.043
304.043
304.043
303.506
303.506
303.506
302.965
302.965
302.965
302.421
302.421
302.421
301.874
301.874
301.874
301.323
301.323
301.323
300.768
300.768
300.768
300.21
300.21
300.21
299.649
299.649
299.649
299.084
299.084
299.084
298.515
298.515
298.515
297.943
297.943
297.943
297.367
297.367
297.367
296.787
296.787
296.787
296.204
296.204
296.204
295.618
295.618
295.618
295.027
295.027
295.027
294.433
294.433
294.433
293.835
293.835
293.835
293.233
293.233
293.233
292.628
292.628
292.628
292.018
292.018
292.018
291.405
291.405
291.405
290.788
290.788
290.788
290.167
290.167
290.167
289.543
289.543
289.543
288.914
288.914
288.914
)
;

boundaryField
{
    up
    {
        type            CLL_JumpT_Loyalka;
        accommodationCoeff_t_ 1;
        accommodationCoeff_n_ 1;
        Twall           uniform 273;
        gamma           1.67;
        value           nonuniform List<scalar> 3(288.611 288.611 288.611);
    }
    down
    {
        type            CLL_JumpT_Loyalka;
        accommodationCoeff_t_ 1;
        accommodationCoeff_n_ 1;
        Twall           uniform 273;
        gamma           1.67;
        value           nonuniform List<scalar> 3(288.61 288.61 288.61);
    }
    left
    {
        type            cyclic;
    }
    right
    {
        type            cyclic;
    }
    defaultFaces
    {
        type            empty;
    }
}


// ************************************************************************* //
