/*--------------------------------*- C++ -*----------------------------------*\
  =========                 |
  \\      /  F ield         | OpenFOAM: The Open Source CFD Toolbox
   \\    /   O peration     | Website:  https://openfoam.org
    \\  /    A nd           | Version:  10
     \\/     M anipulation  |
\*---------------------------------------------------------------------------*/
FoamFile
{
    format      ascii;
    class       labelList;
    note        "nPoints:4008  nCells:1500  nFaces:6503  nInternalFaces:2497";
    location    "constant/polyMesh";
    object      neighbour;
}
// * * * * * * * * * * * * * * * * * * * * * * * * * * * * * * * * * * * * * //


2497
(
1
3
2
4
5
4
6
5
7
8
7
9
8
10
11
10
12
11
13
14
13
15
14
16
17
16
18
17
19
20
19
21
20
22
23
22
24
23
25
26
25
27
26
28
29
28
30
29
31
32
31
33
32
34
35
34
36
35
37
38
37
39
38
40
41
40
42
41
43
44
43
45
44
46
47
46
48
47
49
50
49
51
50
52
53
52
54
53
55
56
55
57
56
58
59
58
60
59
61
62
61
63
62
64
65
64
66
65
67
68
67
69
68
70
71
70
72
71
73
74
73
75
74
76
77
76
78
77
79
80
79
81
80
82
83
82
84
83
85
86
85
87
86
88
89
88
90
89
91
92
91
93
92
94
95
94
96
95
97
98
97
99
98
100
101
100
102
101
103
104
103
105
104
106
107
106
108
107
109
110
109
111
110
112
113
112
114
113
115
116
115
117
116
118
119
118
120
119
121
122
121
123
122
124
125
124
126
125
127
128
127
129
128
130
131
130
132
131
133
134
133
135
134
136
137
136
138
137
139
140
139
141
140
142
143
142
144
143
145
146
145
147
146
148
149
148
150
149
151
152
151
153
152
154
155
154
156
155
157
158
157
159
158
160
161
160
162
161
163
164
163
165
164
166
167
166
168
167
169
170
169
171
170
172
173
172
174
173
175
176
175
177
176
178
179
178
180
179
181
182
181
183
182
184
185
184
186
185
187
188
187
189
188
190
191
190
192
191
193
194
193
195
194
196
197
196
198
197
199
200
199
201
200
202
203
202
204
203
205
206
205
207
206
208
209
208
210
209
211
212
211
213
212
214
215
214
216
215
217
218
217
219
218
220
221
220
222
221
223
224
223
225
224
226
227
226
228
227
229
230
229
231
230
232
233
232
234
233
235
236
235
237
236
238
239
238
240
239
241
242
241
243
242
244
245
244
246
245
247
248
247
249
248
250
251
250
252
251
253
254
253
255
254
256
257
256
258
257
259
260
259
261
260
262
263
262
264
263
265
266
265
267
266
268
269
268
270
269
271
272
271
273
272
274
275
274
276
275
277
278
277
279
278
280
281
280
282
281
283
284
283
285
284
286
287
286
288
287
289
290
289
291
290
292
293
292
294
293
295
296
295
297
296
298
299
298
300
299
301
302
301
303
302
304
305
304
306
305
307
308
307
309
308
310
311
310
312
311
313
314
313
315
314
316
317
316
318
317
319
320
319
321
320
322
323
322
324
323
325
326
325
327
326
328
329
328
330
329
331
332
331
333
332
334
335
334
336
335
337
338
337
339
338
340
341
340
342
341
343
344
343
345
344
346
347
346
348
347
349
350
349
351
350
352
353
352
354
353
355
356
355
357
356
358
359
358
360
359
361
362
361
363
362
364
365
364
366
365
367
368
367
369
368
370
371
370
372
371
373
374
373
375
374
376
377
376
378
377
379
380
379
381
380
382
383
382
384
383
385
386
385
387
386
388
389
388
390
389
391
392
391
393
392
394
395
394
396
395
397
398
397
399
398
400
401
400
402
401
403
404
403
405
404
406
407
406
408
407
409
410
409
411
410
412
413
412
414
413
415
416
415
417
416
418
419
418
420
419
421
422
421
423
422
424
425
424
426
425
427
428
427
429
428
430
431
430
432
431
433
434
433
435
434
436
437
436
438
437
439
440
439
441
440
442
443
442
444
443
445
446
445
447
446
448
449
448
450
449
451
452
451
453
452
454
455
454
456
455
457
458
457
459
458
460
461
460
462
461
463
464
463
465
464
466
467
466
468
467
469
470
469
471
470
472
473
472
474
473
475
476
475
477
476
478
479
478
480
479
481
482
481
483
482
484
485
484
486
485
487
488
487
489
488
490
491
490
492
491
493
494
493
495
494
496
497
496
498
497
499
500
499
501
500
502
503
502
504
503
505
506
505
507
506
508
509
508
510
509
511
512
511
513
512
514
515
514
516
515
517
518
517
519
518
520
521
520
522
521
523
524
523
525
524
526
527
526
528
527
529
530
529
531
530
532
533
532
534
533
535
536
535
537
536
538
539
538
540
539
541
542
541
543
542
544
545
544
546
545
547
548
547
549
548
550
551
550
552
551
553
554
553
555
554
556
557
556
558
557
559
560
559
561
560
562
563
562
564
563
565
566
565
567
566
568
569
568
570
569
571
572
571
573
572
574
575
574
576
575
577
578
577
579
578
580
581
580
582
581
583
584
583
585
584
586
587
586
588
587
589
590
589
591
590
592
593
592
594
593
595
596
595
597
596
598
599
598
600
599
601
602
601
603
602
604
605
604
606
605
607
608
607
609
608
610
611
610
612
611
613
614
613
615
614
616
617
616
618
617
619
620
619
621
620
622
623
622
624
623
625
626
625
627
626
628
629
628
630
629
631
632
631
633
632
634
635
634
636
635
637
638
637
639
638
640
641
640
642
641
643
644
643
645
644
646
647
646
648
647
649
650
649
651
650
652
653
652
654
653
655
656
655
657
656
658
659
658
660
659
661
662
661
663
662
664
665
664
666
665
667
668
667
669
668
670
671
670
672
671
673
674
673
675
674
676
677
676
678
677
679
680
679
681
680
682
683
682
684
683
685
686
685
687
686
688
689
688
690
689
691
692
691
693
692
694
695
694
696
695
697
698
697
699
698
700
701
700
702
701
703
704
703
705
704
706
707
706
708
707
709
710
709
711
710
712
713
712
714
713
715
716
715
717
716
718
719
718
720
719
721
722
721
723
722
724
725
724
726
725
727
728
727
729
728
730
731
730
732
731
733
734
733
735
734
736
737
736
738
737
739
740
739
741
740
742
743
742
744
743
745
746
745
747
746
748
749
748
750
749
751
752
751
753
752
754
755
754
756
755
757
758
757
759
758
760
761
760
762
761
763
764
763
765
764
766
767
766
768
767
769
770
769
771
770
772
773
772
774
773
775
776
775
777
776
778
779
778
780
779
781
782
781
783
782
784
785
784
786
785
787
788
787
789
788
790
791
790
792
791
793
794
793
795
794
796
797
796
798
797
799
800
799
801
800
802
803
802
804
803
805
806
805
807
806
808
809
808
810
809
811
812
811
813
812
814
815
814
816
815
817
818
817
819
818
820
821
820
822
821
823
824
823
825
824
826
827
826
828
827
829
830
829
831
830
832
833
832
834
833
835
836
835
837
836
838
839
838
840
839
841
842
841
843
842
844
845
844
846
845
847
848
847
849
848
850
851
850
852
851
853
854
853
855
854
856
857
856
858
857
859
860
859
861
860
862
863
862
864
863
865
866
865
867
866
868
869
868
870
869
871
872
871
873
872
874
875
874
876
875
877
878
877
879
878
880
881
880
882
881
883
884
883
885
884
886
887
886
888
887
889
890
889
891
890
892
893
892
894
893
895
896
895
897
896
898
899
898
900
899
901
902
901
903
902
904
905
904
906
905
907
908
907
909
908
910
911
910
912
911
913
914
913
915
914
916
917
916
918
917
919
920
919
921
920
922
923
922
924
923
925
926
925
927
926
928
929
928
930
929
931
932
931
933
932
934
935
934
936
935
937
938
937
939
938
940
941
940
942
941
943
944
943
945
944
946
947
946
948
947
949
950
949
951
950
952
953
952
954
953
955
956
955
957
956
958
959
958
960
959
961
962
961
963
962
964
965
964
966
965
967
968
967
969
968
970
971
970
972
971
973
974
973
975
974
976
977
976
978
977
979
980
979
981
980
982
983
982
984
983
985
986
985
987
986
988
989
988
990
989
991
992
991
993
992
994
995
994
996
995
997
998
997
999
998
1000
1001
1000
1002
1001
1003
1004
1003
1005
1004
1006
1007
1006
1008
1007
1009
1010
1009
1011
1010
1012
1013
1012
1014
1013
1015
1016
1015
1017
1016
1018
1019
1018
1020
1019
1021
1022
1021
1023
1022
1024
1025
1024
1026
1025
1027
1028
1027
1029
1028
1030
1031
1030
1032
1031
1033
1034
1033
1035
1034
1036
1037
1036
1038
1037
1039
1040
1039
1041
1040
1042
1043
1042
1044
1043
1045
1046
1045
1047
1046
1048
1049
1048
1050
1049
1051
1052
1051
1053
1052
1054
1055
1054
1056
1055
1057
1058
1057
1059
1058
1060
1061
1060
1062
1061
1063
1064
1063
1065
1064
1066
1067
1066
1068
1067
1069
1070
1069
1071
1070
1072
1073
1072
1074
1073
1075
1076
1075
1077
1076
1078
1079
1078
1080
1079
1081
1082
1081
1083
1082
1084
1085
1084
1086
1085
1087
1088
1087
1089
1088
1090
1091
1090
1092
1091
1093
1094
1093
1095
1094
1096
1097
1096
1098
1097
1099
1100
1099
1101
1100
1102
1103
1102
1104
1103
1105
1106
1105
1107
1106
1108
1109
1108
1110
1109
1111
1112
1111
1113
1112
1114
1115
1114
1116
1115
1117
1118
1117
1119
1118
1120
1121
1120
1122
1121
1123
1124
1123
1125
1124
1126
1127
1126
1128
1127
1129
1130
1129
1131
1130
1132
1133
1132
1134
1133
1135
1136
1135
1137
1136
1138
1139
1138
1140
1139
1141
1142
1141
1143
1142
1144
1145
1144
1146
1145
1147
1148
1147
1149
1148
1150
1151
1150
1152
1151
1153
1154
1153
1155
1154
1156
1157
1156
1158
1157
1159
1160
1159
1161
1160
1162
1163
1162
1164
1163
1165
1166
1165
1167
1166
1168
1169
1168
1170
1169
1171
1172
1171
1173
1172
1174
1175
1174
1176
1175
1177
1178
1177
1179
1178
1180
1181
1180
1182
1181
1183
1184
1183
1185
1184
1186
1187
1186
1188
1187
1189
1190
1189
1191
1190
1192
1193
1192
1194
1193
1195
1196
1195
1197
1196
1198
1199
1198
1200
1199
1201
1202
1201
1203
1202
1204
1205
1204
1206
1205
1207
1208
1207
1209
1208
1210
1211
1210
1212
1211
1213
1214
1213
1215
1214
1216
1217
1216
1218
1217
1219
1220
1219
1221
1220
1222
1223
1222
1224
1223
1225
1226
1225
1227
1226
1228
1229
1228
1230
1229
1231
1232
1231
1233
1232
1234
1235
1234
1236
1235
1237
1238
1237
1239
1238
1240
1241
1240
1242
1241
1243
1244
1243
1245
1244
1246
1247
1246
1248
1247
1249
1250
1249
1251
1250
1252
1253
1252
1254
1253
1255
1256
1255
1257
1256
1258
1259
1258
1260
1259
1261
1262
1261
1263
1262
1264
1265
1264
1266
1265
1267
1268
1267
1269
1268
1270
1271
1270
1272
1271
1273
1274
1273
1275
1274
1276
1277
1276
1278
1277
1279
1280
1279
1281
1280
1282
1283
1282
1284
1283
1285
1286
1285
1287
1286
1288
1289
1288
1290
1289
1291
1292
1291
1293
1292
1294
1295
1294
1296
1295
1297
1298
1297
1299
1298
1300
1301
1300
1302
1301
1303
1304
1303
1305
1304
1306
1307
1306
1308
1307
1309
1310
1309
1311
1310
1312
1313
1312
1314
1313
1315
1316
1315
1317
1316
1318
1319
1318
1320
1319
1321
1322
1321
1323
1322
1324
1325
1324
1326
1325
1327
1328
1327
1329
1328
1330
1331
1330
1332
1331
1333
1334
1333
1335
1334
1336
1337
1336
1338
1337
1339
1340
1339
1341
1340
1342
1343
1342
1344
1343
1345
1346
1345
1347
1346
1348
1349
1348
1350
1349
1351
1352
1351
1353
1352
1354
1355
1354
1356
1355
1357
1358
1357
1359
1358
1360
1361
1360
1362
1361
1363
1364
1363
1365
1364
1366
1367
1366
1368
1367
1369
1370
1369
1371
1370
1372
1373
1372
1374
1373
1375
1376
1375
1377
1376
1378
1379
1378
1380
1379
1381
1382
1381
1383
1382
1384
1385
1384
1386
1385
1387
1388
1387
1389
1388
1390
1391
1390
1392
1391
1393
1394
1393
1395
1394
1396
1397
1396
1398
1397
1399
1400
1399
1401
1400
1402
1403
1402
1404
1403
1405
1406
1405
1407
1406
1408
1409
1408
1410
1409
1411
1412
1411
1413
1412
1414
1415
1414
1416
1415
1417
1418
1417
1419
1418
1420
1421
1420
1422
1421
1423
1424
1423
1425
1424
1426
1427
1426
1428
1427
1429
1430
1429
1431
1430
1432
1433
1432
1434
1433
1435
1436
1435
1437
1436
1438
1439
1438
1440
1439
1441
1442
1441
1443
1442
1444
1445
1444
1446
1445
1447
1448
1447
1449
1448
1450
1451
1450
1452
1451
1453
1454
1453
1455
1454
1456
1457
1456
1458
1457
1459
1460
1459
1461
1460
1462
1463
1462
1464
1463
1465
1466
1465
1467
1466
1468
1469
1468
1470
1469
1471
1472
1471
1473
1472
1474
1475
1474
1476
1475
1477
1478
1477
1479
1478
1480
1481
1480
1482
1481
1483
1484
1483
1485
1484
1486
1487
1486
1488
1487
1489
1490
1489
1491
1490
1492
1493
1492
1494
1493
1495
1496
1495
1497
1496
1498
1499
1498
1499
)


// ************************************************************************* //
